599506732
998738631
61652358
209730619
439496888
240307703
552948131
169500872
961300657
871419101
868077832
765025279
711824381
311847759
598090419
865712344
266866722
983855027
884093445
56049732
207229135
641245245
11846453
732458250
431577133
224261992
543705615
925282457
755777835
198316435
214902052
461114511
812240863
968301766
305582665
146134418
268077572
209212102
411555935
665468695
94340821
174227906
110411115
175105792
518253464
31088497
192328027
754360587
322067376
929424113
950707984
763745402
953948777
6725725
971657075
520750281
253265204
697777137
499035282
908936399
849058683
274101393
414206815
854230701
184343820
737807007
489694379
37303186
520038021
289855569
51103903
178965469
297255723
636172350
407868903
728235194
720187367
811159889
201069401
340344653
885011027
703758871
255935316
11283708
331040867
668156649
761826604
724384734
365879495
919278199
242704784
851105
998019598
521797035
938004900
21499730
230580761
147846391
798460126
438530727
496889704
808795505
72713935
877656092
357665342
405789619
826336498
753801725
269191928
999722417
111998558
183228020
77779895
674914762
552251427
680533200
3157501
469072658
686190596
902832523
701327300
110675519
911058791
888399810
82527572
45725619
718820498
295927659
705113077
633891114
357309933
897106790
481939340
689529068
323190256
361857464
535912947
760640800
984040228
434647811
598794720
728595670
387860045
754081154
205751242
408425626
723345522
258863494
688958108
77261910
210032385
429974992
914028621
126659019
675112626
999947868
871503762
286809289
116919862
465040420
339365611
247021185
438897964
937229486
71615404
667988034
386675670
30444229
437004775
366430773
448988268
386601568
939670642
49470427
790779478
470431764
903047155
555344640
47783513
591965736
429823830
36009091
559125979
26827244
462036679
600604916
994211775
183850026
761923536
441518166
620451303
550556311
691298467
379930533
298926734
859301857
450642477
481615171
945377711
334551009
450599418
268202347
322698328
452171631
565410012
542212802
836468471
559463211
16173445
478882371
215907909
565180423
143683086
2603724
297577626
327799166
223326892
446884879
440154036
927476355
381147827
310643028
592187624
896799259
177587253
346481824
44170898
972140597
611918883
910331750
61839137
549029843
856529221
216932187
224527902
790507169
480134396
315364919
638483499
301914927
478292296
305916983
333863804
751796683
180721694
234085500
157672996
261235207
875072615
939474059
45067413
6373377
806593703
407838838
947149080
139456640
585802244
217059026
975521515
124015606
631649801
410369606
801773865
710987053
526545177
705183244
422346600
755331249
675531465
206146702
754577872
611820991
71704865
75119250
33850393
550272205
316366675
610194256
293418835
662844720
275682718
61254007
875234405
328011971
63791460
479895070
417129870
352354625
181307740
320717049
675693750
490173456
171105864
247723690
748134971
869205355
763322718
383299005
66800908
15949868
615242650
717619182
832760453
876891601
895205358
362073761
738201920
378545539
32483468
761284685
245773540
366496620
993982929
251458746
613300329
516981329
714790197
894185735
668182206
65577223
104873055
848048374
670485746
12387497
502049984
16413060
168983518
122089892
733055592
387405915
541765579
351985764
45972924
832363856
545508977
343056103
332507077
138305854
659716242
141890465
840333120
588207830
468719799
5076645
913782817
803993417
296025161
990778620
729025535
502215871
491837422
613752866
327599913
962015474
641395532
609326733
109355372
588634224
998320425
190366616
884306675
997062028
55188696
694887471
24233648
94308075
436582627
645371015
64315939
292230641
930054650
150263094
147991084
149513467
196587204
275587348
23203920
258169767
646286123
284705344
412619316
376817655
302690567
80684522
712512059
134713685
487571474
171221896
725241140
233521594
998142318
110777787
232603950
682882667
946022771
332044412
505026364
464488213
297039242
994477411
960932526
725745567
672049823
532413373
141468328
895429320
144597672
514780362
818509962
697752574
111482289
737112962
391672596
517324869
462337835
574867483
909739373
643734733
68719665
54563106
975573962
511274599
666569545
618300456
847227711
877095263
400645804
882063160
49545448
353960107
699887481
57135437
343755432
150398668
626286374
546974411
643044816
688808553
237361596
574370269
670311859
176133924
923080682
13749592
775119510
299242913
697425105
279841452
18057228
155072069
841868155
414892832
723855128
532869591
880677557
938529062
286530556
201268077
155517315
272614873
412446412
614046511
72974515
198248523
652012897
852100681
410818736
978082705
457830920
532238548
373875465
543642398
869406735
983178344
844439855
434234381
322741700
236425500
918760526
226363935
193251037
442602831
58538933
4635550
290695972
704110982
350266767
826842778
102548079
448283592
534231385
327264691
615759211
722136451
408485279
159043240
16927725
679681055
7535778
181007593
55393100
170821921
314893877
557761171
185587959
95854150
601593377
38310101
547938091
359439553
305054204
340862358
140708224
468917000
334065001
165301411
594560306
412163884
860390835
78489633
872488657
298833975
291397984
125864461
255255761
490589385
317022115
440775266
400785752
485767048
658219200
275928376
65549496
754926149
518558299
697337954
250129274
104735711
663532995
402487280
811499486
18441016
428637701
474013997
666987423
421180489
55784930
179319295
881842926
780100143
229269699
91406561
399514485
613721452
693153481
389924260
882802447
92850517
35439415
417341397
286246382
7584330
844070590
455327585
150050637
405506419
265271920
694283816
518257965
932398850
594752826
190292550
852602036
739464855
84151135
426081340
180785068
623963330
952680621
36035806
300866697
372786947
237443376
295043595
270736659
33497354
433020717
330187694
717907982
506440210
757442761
448076020
258193022
815091105
701680763
814346457
998720571
231029042
576143872
391181673
411186722
809627196
714290314
129026427
190857988
848129145
389520308
570945999
791761225
370717967
580691
212971853
783826555
413216084
104863762
743250852
932295179
226102539
477727193
691336207
244484387
430455227
777064129
490535139
739992745
149624587
767644314
867389535
502595171
168124497
500304376
957683699
116606057
561808449
631456209
617401145
207883478
761340679
985609462
248211216
506877997
234729146
222804950
343734472
726204617
179593242
469088742
883791565
682898788
181232728
482303389
504631992
741302103
350559541
651517947
919904980
488929277
179373040
510384712
397959015
726464438
510870615
397462856
214493965
447489783
662155203
308891379
285668224
372794586
826302958
895032087
408806168
147955289
518536762
426661036
39461894
689386987
845780978
698280544
970805563
732048323
222572729
860793973
772639304
924405856
398147592
880132184
164207445
196249928
581228783
400951208
753870199
176868346
314334258
246559324
811105467
463929667
22819304
583725278
710594024
839948612
101316174
559750674
122893633
243313711
612253144
945104383
369707637
980115417
235062917
91686189
224308350
40012165
483704024
834176059
300097110
843699159
759102363
683431603
848093497
173488556
314747140
730057336
840967312
955994487
371462560
606210623
798319876
505522320
624502174
774607096
51011659
724920810
303886305
83230414
801514315
69080967
133866676
531771729
743340972
589394038
206603808
133726610
707807781
839030405
536990357
553093908
298939026
413208488
124483928
575475335
881627496
85697974
883464454
50437260
509884327
647757993
881142486
416686754
941396304
555252802
117665211
984185677
565958965
232963072
442815233
936242791
964516546
742560863
708350700
23089814
220877384
358962765
402742069
245056254
576118120
251666571
220686926
669226310
27612379
82801724
144385073
92596714
537945393
895586507
488297145
595738716
300042290
57530092
51278725
61765937
466026148
63066460
314634086
258222295
265229622
264701437
293465059
702960995
682106794
63789084
689662272
120297318
435256975
11584966
775006569
84133689
986355494
78797561
132005801
203074911
376415410
468704544
51108283
927975699
535123811
330182195
696114509
705104799
168254969
790798434
426345661
510526963
367033235
434011037
725559794
215375066
796161760
85320624
86821796
117004179
954774766
886084343
826906885
339315993
960265416
498195977
922917068
965638405
244490682
103881470
986449129
383915555
113415368
582726076
721828429
428907110
603955308
249069579
482987499
848648959
808887981
200371267
541386453
141018470
831233161
963199518
701588238
145313372
590197345
379408305
359760625
235339092
719552343
731919023
596606933
955786985
697543852
988288655
996577682
594996201
174691582
486784054
735428862
518363143
33803918
479814079
643916156
363546332
333107870
529243277
823148161
619540238
200109824
55078197
8083230
372089139
275652409
167772987
524887277
497432809
889878050
360530283
555168021
233683891
886176361
867969895
340890231
213568969
675937612
494608427
181725200
455078929
673095318
342983351
95080362
808468971
166368990
430216563
629413179
445826416
168814912
632362285
815610094
180050612
846528659
102643038
812158705
500953559
525490443
716905816
411609589
783196131
631111758
701702497
110185940
243582952
550213348
619813870
398242144
455356417
29048300
337340026
746953638
905759341
494606548
635304417
155476142
978648856
420575909
264251167
106569994
323555457
53066205
848891239
447675206
307967902
499206824
822808343
551740008
483621337
984799829
592462168
724208568
984942933
272379605
159518883
927383412
833546877
468480065
957130589
94667852
424152987
927515577
917177525
680147331
750344916
306738676
550248712
210240699
55745856
482544736
454017871
588905508
802753354
445419717
683555553
752355788
288687875
633664578
322227021
580926260
588210225
401216679
293452688
86522209
759148614
508845395
182528263
725303077
252577690
725082820
433422360
985971844
957017148
5728788
899227683
357097044
254126752
411945000
106195927
874514762
855005211
496517140
548852640
2558052
728790154
917310805
150389353
952104735
524994557
584927607
196757370
894791968
468696479
925901813
279459286
810482807
333595289
795498800
959794684
869843770
717808240
395760021
243484631
717505613
64207319
322865826
311408645
462018556
611469204
475844323
978944572
158025417
857348553
658684713
527627100
131894098
492626440
181468364
942245159
435839049
89588042
446567384
793634721
492103849
219150388
125113547
910090511
567894240
476736633
910416658
17855275
61149562
246362077
818528512
957434917
541559694
181109646
216883321
879058249
392755648
756011579
156567169
145066742
910325373
526477618
105472324
679561913
788531488
685999831
65877353
870907501
712545246
230282094
425449369
253086880
910878790
613953702
893014037
717375360
316368087
129625147
431909909
23903881
468730647
960192975
188589793
642757793
807163205
79333564
970300022
36218132
899401499
378925415
571357468
27246987
829877676
278581066
120485196
651947796
732120139
1799235
931373774
399021184
362807388
619539800
855686594
627029689
276270159
758190467
666858105
194593350
831865157
822420734
898286607
906750735
977745102
676395817
602032153
840559737
805606042
109908423
12913606
381411174
660694169
497100131
570338691
962333647
455354177
702213537
792865678
351788121
493579191
406543593
341647413
736693018
942192861
480656669
186434008
866343988
545135294
692975541
946765259
520542915
266210611
584696066
703025737
192177206
13528173
657376715
543921061
972558838
985856176
741785460
763108178
381846526
589457047
659040652
961723960
828895280
104457734
819440841
185579291
60957608
671007023
755034002
109016874
31540318
756141540
309633074
76830523
634928551
5640005
732594933
665335964
789572441
718295401
689418325
110153313
329860588
978697121
127306684
649424157
303041816
838248535
918380830
804816041
896511154
126061797
753571098
741834136
227157310
52024060
46813318
940674840
90440333
618597998
91116874
821459988
598598097
262870691
293077769
62905150
249568640
984459845
984189117
221524065
104773326
34847310
315206843
644581770
991777655
841194278
627127345
433248542
189019715
38835093
228774430
176803676
508580989
148844973
880763592
342338776
943544776
614420683
835392532
578834648
615002400
137993431
266464439
627968217
130065644
471734096
41254814
519815100
784339714
266190341
499037787
25593135
530598525
722435885
12080204
616226705
32443386
32828424
404096532
537763304
376256811
457258203
441695415
386198476
582567354
785435127
245629197
249305638
271650403
377310972
994940325
966672400
248591693
780623072
487546567
134478581
819415228
509558257
122355147
568016615
408836335
95682783
421343811
156627832
857033584
497110686
806586121
663929995
320726795
379576709
90383926
694037579
212755232
116668959
597274642
660338188
839710054
522556247
286761474
6944811
803912226
529175868
618324205
614847942
784421852
843829360
451472952
111607197
475194440
571984621
739747249
989351229
794569461
78468897
586983020
580620981
77063233
336963113
898392015
152628267
203063833
738159075
515753542
200238130
745142921
881734316
865294645
884213643
346257959
92366174
380850226
729009477
858939419
491834612
481379174
661619246
360565994
461938908
796515810
92389692
675150995
536700648
789012136
103263320
489224921
362806163
98938505
137159124
144566132
106583505
606775445
880066662
938295914
179993305
417665673
291587005
166948657
675672948
338689916
13214274
147549443
985596243
145562092
609406984
741619862
116908260
882903016
888160084
929738534
456784979
933700538
193012723
820411217
147990102
498976418
715902916
563034903
709857312
525607499
338596333
856466391
116952543
34050051
250747631
455805513
882976494
533821755
826254375
561062932
918983068
869760013
446630074
772012809
318375709
542253420
383711732
147891944
997560402
953883268
738875503
557138096
14265118
222763318
297738867
409859303
993227197
742361663
873744110
4851639
454512831
459823882
727858512
969859215
891738532
501961468
305931149
159907698
73127797
704456278
242103573
53558764
120060842
487030751
167237005
186975212
581007475
71396230
56784647
845535012
266130525
231499434
699227819
251196953
333345591
701575671
686832983
955141650
86699318
315703078
731067352
671852180
145351747
752898578
386606623
755535241
355432728
615022632
785735649
176257542
642072864
848710306
992832519
521565233
519208871
896757033
684193047
206424096
410927616
94082017
732865286
551064194
553083342
529971604
20385970
418323136
183865266
241963600
275244569
111743365
256807414
703666052
893606936
66130095
698773653
755794697
281147470
137818975
153786480
419363326
571220833
501530794
304911794
668859031
263860708
934797167
294895902
889777000
215798618
333308420
543445829
650537133
133658429
73888654
724832960
560791758
411347198
738030655
168731605
651375508
180725086
375559325
867092198
617870805
53268595
733821560
976293919
638464127
226945390
147964090
745055189
201160315
894729167
202701376
281968748
321663884
550527159
754695249
999259039
739401835
750813639
908437223
281268591
795252782
999744122
779863481
69298411
410434422
945325427
371181794
787956219
700255284
56089968
242825186
93011730
269069174
86021866
314254529
491885585
632438859
538808675
271782304
572953919
377718233
403215807
994756825
894746898
73338383
235190892
104865707
910506417
390749588
54822999
425732785
985923725
570452693
335996549
822428226
243962351
965771919
14633564
731261978
116209351
287960278
602558025
196332162
649683673
893414576
323932100
938496599
113530777
600637703
745533995
62178748
308725306
817898606
46756059
172274081
886116797
410097431
70038902
310209969
995665454
392175578
567419112
176823240
392132053
590455413
530533117
4277515
745058664
988457408
220691801
224447310
621343509
268751037
691380852
362323251
313884195
755313044
603595404
144513832
868119690
144696330
555929347
114424681
457287484
115926085
276220522
771450844
103467561
876607813
104570087
306929047
146320234
224632568
374516098
983742796
422417735
906468109
594850435
895445534
953990830
892773515
421785663
259241934
624050239
986453038
369758302
338755401
967773734
799504885
384220660
16749638
746894352
343074966
325272402
951921938
304747617
154126956
855603785
735436323
431071455
343789871
766125095
371315624
914367505
196979154
678064351
796019689
948084844
201761148
309321989
360103118
261784783
536896268
229203492
360930690
952190120
179402578
545757329
588753802
603044414
311233605
299450691
954184839
78289496
292640952
195489968
516333951
243981375
730166330
620623489
276629305
228356953
823998174
784573815
207771990
267419339
153806392
184959779
119788383
106655515
983946880
109988995
719552786
642404528
480899127
981917020
921451428
346074535
387521720
946907492
989122946
630579291
397685541
504826899
56274163
590908129
351305685
296641952
912514418
998252518
664716664
931820665
654933336
743990619
941490077
692832879
380264342
822948457
588443185
718182317
357358528
190232818
63360925
673695402
296789405
848250821
561840910
948978400
967956184
231829233
214152487
463829906
480004399
90798466
358366046
924903613
555101224
533622328
896050508
596131593
67110355
571524952
41442534
505013610
850198389
105532360
729783106
543263711
194197386
371873608
904665886
9856501
140137413
172793189
686643312
15232237
353577146
580536997
748388158
11239870
141404947
24379605
175152612
856803611
516300685
23765751
773597332
581734792
935530206
554301552
880458900
402937700
324188640
254506985
745594374
910005884
712646118
683035181
280303362
806648125
451277953
501315841
334084394
558079836
545680115
804683865
463038064
623042894
232966831
278566285
420543157
192670398
504941727
419934188
194528747
29792827
389939855
915693258
611270490
324926851
975157758
24025518
757231029
169350827
797727636
506466725
948152642
579998041
241415878
136892354
406935073
187793840
956070279
777796561
433254471
443050302
190196971
380445691
578977986
262303614
303664794
196956423
639238201
976887009
811313859
52700880
420258387
874770031
102857158
456803226
965680246
802941894
471081280
447655913
383935608
335170693
760582611
887709018
462447123
902052565
987808452
323245279
586500565
531213512
255683232
840143252
58618422
598101293
449586020
547836645
991913320
6541173
441977464
785718408
421222508
535871121
142623298
77136285
138984870
681863807
677707288
505025319
693893586
676199344
542462365
59066795
551288494
946287407
765114435
364486344
180052657
358953195
283193919
151895700
293356136
151013780
162929480
206542587
746217591
339091256
520334115
713216374
484082155
608471811
544991112
614338656
214369853
436049262
692324575
231535414
492063548
603655580
820519987
320079279
537280506
175196648
864949708
353668785
156152427
749688817
28628337
39886633
852291995
158892230
429266650
552693568
918918539
393472662
479526889
386185015
962194895
106830808
364426151
68402176
117009596
932488622
866962705
38479982
301064304
235140620
975029110
400769348
281644794
458394398
19412240
456108234
904979726
346004289
362481887
200931760
535701868
803062937
355115759
757134951
693287505
522680743
410762976
45726060
819231178
575145354
174898605
360799580
202456980
109356155
305822167
949946420
180105533
864469746
912533744
214960074
741206275
56676563
443920903
912817285
938104515
773958882
715580373
601252407
890688114
779406079
451296107
491116289
297160892
536311538
839710306
820642346
161684711
642944919
562440038
74400088
924851150
494676516
977280017
757785848
404238734
139813670
210130154
518915052
464111541
378317060
338748716
502422927
516874711
951012210
595192442
898836689
256218576
539174720
984623982
344097203
567019887
670610183
199591356
988205136
106141256
980484219
995196269
305559317
288924935
583581542
658019079
387732059
562231267
16384169
65923893
54006212
145023606
948180563
585335777
525283684
375164315
698538637
299715497
523731113
581100525
471423362
251654431
918918723
93024605
558121877
250165002
497882722
428416517
650305545
662704895
997512107
40585022
78198480
601436883
990628827
75277517
977398922
788300790
701849744
572822210
317052703
545274471
758269751
599082341
776022215
950313945
44785827
863041466
80617207
317201569
248175514
413216385
890334325
528607824
248209888
30534576
593593963
425381119
970276331
245543882
541181750
379901249
821772735
47138984
702855922
353886499
806994409
562704688
528024846
968765647
98557668
808261203
577161741
402290543
624044587
232452047
436714740
384260881
976151599
91221842
218068222
482852502
848144271
471162977
105744052
301749019
690772609
794132150
129101986
430807871
158439746
516762659
444660215
293431564
764150464
156381424
329439746
918760717
261253424
53471188
895041064
889445776
622311795
963444689
105835997
259422600
116602446
965344549
779415343
106000800
769067607
914889687
810353473
341811137
164447807
658748590
603812740
584493750
73201507
728303988
467352421
470889350
397727144
399386615
283261511
276269054
61302155
493241335
155321158
738395398
960473983
921142641
134439239
51368518
943062798
333718930
240672706
998793443
333715854
184925438
740350363
812029780
121274510
526185519
65957142
818845079
747308114
802627855
747658449
553564432
184555267
765394072
239313898
379612993
546435680
843349648
251953052
566189054
513726319
248336393
988483737
591517699
719933463
231124247
52678189
607740479
724598553
143503887
734099645
961273518
589018623
136940876
368238439
96312971
327430629
172253626
443963199
680813094
338697793
154997052
64404147
112612174
698399477
717017092
972303898
553321556
55213753
9660343
795501617
186604297
334306489
167547922
849582341
604449407
856502060
626729609
82617925
173162771
264667682
678896450
195157662
322932828
476376861
135188345
945627520
926137479
524085009
660628428
502703329
241693501
159835520
307486032
849793449
794506921
402798394
655217157
147544068
750845513
408741251
432905686
723719490
92153248
552584423
714514590
318895093
742592494
361556211
746154844
60577689
295993741
485977189
240833367
711834284
462250532
643274955
802446301
621362847
926323784
978064753
249139058
996512983
630921329
735830908
81882711
644218553
21520126
590909823
728792693
187923530
347350128
357867315
7990963
979071488
550730041
388347586
440387039
532099270
13033192
643473263
691835315
592976171
492334601
324792623
303645403
432900935
101911699
669540958
540545816
462265544
948048328
667167426
452847579
233862326
691931192
579328116
714550886
835593015
284352881
166333772
581253959
767938123
878334885
974289473
79029379
490312615
870574933
174027510
888700293
650169971
640508402
276099808
108245873
303562181
510378838
567818170
497343111
318282976
5606826
321012103
598304740
85463567
226812500
326068080
603841247
11512305
861962500
28150736
637424371
614432396
848776080
568874744
418835707
188040806
211287989
872157751
731878760
197864596
660576384
149734058
581620315
220873940
716661128
236437637
79855743
733607360
456815354
924139070
20204382
669815160
805482304
296720753
578054246
193609503
674832351
862644532
771778725
838882451
920247140
726869447
746013667
908891229
24640054
721457240
422348337
387323167
392448780
394018335
313314256
407290880
846567568
816028138
505649295
558270232
816624725
548366108
151703449
726326408
116742091
600654708
854913083
403436868
659482551
8974370
151373520
257695837
226488974
187305797
609038911
245380758
330154197
530893750
47933955
404307785
545275028
872952962
744377528
276750078
122234572
918826554
240410633
786133391
699245057
650057805
197633534
891413730
13689596
305575810
583541616
89898852
565900388
945449819
17523049
785854154
7188835
209752202
216320611
75784102
235046664
246533906
99435878
388346958
663511625
235372588
889979756
842492154
804022987
186830575
439125317
786990790
360782967
827398340
136203321
964976399
391686736
475512838
960101559
918773183
515835550
444899110
397190992
267982680
663830077
557518479
14718041
963433581
229718943
7117419
23338859
559533025
611327422
791038688
959666392
517349669
197436270
230048777
954952216
313900515
920120248
178162688
390342634
380739126
850031407
645341993
535796330
44107404
228453758
779249521
795578740
764955570
768215181
308566784
432489882
642538745
119096188
766799837
344474451
620312067
673942101
777604952
804481442
40723879
77874776
661886640
40981232
118726900
977238811
534099983
140946820
99514076
840475732
226232228
858981139
990439743
824742302
729529311
943738383
717590094
683459268
293435869
911765165
841552225
18089659
468837840
971863271
364010866
116302349
614222166
381478575
761326136
255994265
161177724
535560402
978509804
50564074
410721908
22926996
282003423
182770091
381576968
996722037
550819298
55428981
161177412
56762119
404747416
770010395
675360270
446604510
648709991
169134133
510767017
967378752
87187980
860085973
96930673
479102776
276747568
14245982
792102492
948963616
844584558
724134870
850767555
570731226
159918418
503196798
163349325
337188485
535775084
611046344
567938564
393781062
20179678
915108537
371368766
295365574
507244009
919666597
88837263
768290628
669896971
312614374
634858530
217753146
137495792
778544250
877511472
711286215
521732852
365321367
612050196
863880518
611878191
210334214
784800357
749456265
552332146
367578500
922538617
168219962
704135957
112983564
589549184
557833216
686634201
258098994
977787817
582257178
498100595
792043699
964152838
343503870
521882366
567518719
736301455
657388327
344043583
431337974
459797383
128288681
171452159
739005080
214367770
93008454
753046700
56605248
405233213
866472486
388230766
36808648
150215988
435863561
808669619
631333036
542571452
19752336
942736364
409828753
181974321
366357312
842326450
624648050
642238622
841825651
78251849
663267234
302856310
144355040
363662103
718258233
847026207
355557573
213763412
125074838
928134377
102271199
644426178
329208178
577268799
114855259
974772983
548731986
262723864
168229874
965568111
925315878
58758072
748623495
774649308
118932739
854519455
732840370
461712848
879711852
330039742
557729010
129776064
118610771
923737975
370030312
717701462
16335976
955737561
460317668
493279116
578351627
442449094
807174408
20626374
977440065
731374950
519473886
774574872
362894658
901697925
670448008
63824608
68359799
392872634
457523749
495654644
841295385
748352251
260578928
387237412
414307594
997667600
460453317
853813623
662265185
481596143
135537443
308549788
312168600
985589642
520006361
206611850
486533928
822668477
492243091
58412703
426714933
173646571
963142134
543714121
788189698
47210729
904780932
202744145
430890233
504965030
123437999
635186901
199390446
948612583
165802964
689966189
966489088
515619461
330607178
454746880
877411023
747898978
169951904
487628368
316446852
370828173
585258690
39902388
516708229
17083060
897603003
493149512
477324565
172706172
557272255
475852389
540472543
456122986
387620473
932062308
475255801
338137456
363834539
687328468
310777880
246110988
77565013
462374115
971906748
470998846
392052906
562161684
314402261
52210263
495134084
161866963
67840200
636630135
673552197
628948222
842195682
68806785
945697064
413007358
351872875
465996413
217224659
589251078
525750481
921468506
597674677
153831934
908876
839771568
252017021
492458979
44928524
366396040
472274208
567068908
493377059
705344923
31139797
989625027
850721544
251525417
163730900
41812519
693181253
600596331
339683137
42917301
356067603
856044921
48314836
784638784
484672798
363977145
493913401
2712811
996226500
876492713
87416927
6229325
175374227
796255961
787351721
977058575
648373334
369415375
987650142
304433848
852958476
200094889
518636842
242211208
956697090
409888715
893419269
978837570
452252444
789906456
163249118
354620820
524975498
155166411
903917572
579052
672554465
54963932
630746741
519075913
15388904
642358927
260686311
745071955
805766756
841879171
710738974
128174539
950445532
852844561
254625965
563162781
373825750
976161292
791289434
137652521
956349410
344337844
98366730
90857163
397832529
653105671
378344319
173461327
464966483
916163778
585800933
350532683
693539265
720183682
12906687
89986132
635231292
601295971
751286902
739919338
416882889
828694606
155409072
276496981
182894445
743728096
790553095
797155952
235778050
260767197
271309952
172744286
162209259
733129246
974976274
810141261
883378784
647931811
852970789
64602534
520367389
51387800
204760429
715246001
431996622
48731690
767897937
524343060
713530917
228505427
701106955
508264572
589078146
404027944
834577098
107796028
683074258
648420144
902185946
395462377
190168963
418938054
46587642
597855590
417237349
338398042
708662522
502685506
44762295
924092796
84585433
230617476
670049382
984573136
269001562
546623031
267769904
580348333
276814263
788857280
631193361
549260477
395106521
966176641
326125062
839605707
824100669
934196565
894750118
759782492
598119929
133287494
17011038
352259244
899858579
301471240
326628023
687328716
612770294
839669213
819564409
146220098
594139322
258265422
794532365
295556050
773807135
866188286
532706200
268416486
903553351
424745288
997045107
370053469
773625054
233192503
70804056
475361996
487556735
679976528
502228553
581066014
202610875
568060521
833950951
958906508
86715129
844012101
804930372
849115735
413763628
563012317
188051372
547565403
553392144
563749475
388962545
455283366
884387426
919589326
442456493
170539263
671867043
955935484
196118806
920796724
650201072
112748149
67413860
243673217
820955811
528942421
586035755
293912783
829626721
855815686
628025350
758631534
880276917
517227202
445101968
738456069
912064867
872744288
596463736
903793203
116934113
612649775
614628145
470758457
178334337
11593144
395293599
433358426
14384032
111747544
391562469
598020902
523624982
35107140
708898583
144031532
417001647
691091832
272346948
754936865
223111812
518264703
557473471
127631069
748389368
53410724
606904098
240621822
722563604
776994065
832602968
516462289
600734031
466186616
80150337
914418709
740551262
331349533
273454534
193922619
26960480
78861553
634122154
360848107
363078347
252815403
444121840
545608527
158076990
421405153
362073780
428153076
14854579
382333803
700899345
639701901
903177519
841747082
757597911
293798488
599405147
330268487
682631337
624724988
732596614
396786561
306989806
318216717
257938179
656768148
211958668
272505233
529961155
239277342
948006699
152048944
620965730
112896410
540476970
5581952
81189661
239896546
897106955
3859122
364686172
942469270
865367758
953837481
696325629
361658618
91740483
400065627
897410095
774709948
23578575
81708726
801529601
58792518
878978358
483764056
624509903
875583935
919761940
367010079
381937129
412211066
313200729
988912852
8270220
212053359
181445563
167008907
509720234
538669660
613959729
715210369
887205141
667414423
933366625
608294435
358119357
677159582
476535085
778484048
843746081
688791614
29507142
220880130
621403893
731303275
979901783
902554050
323130704
864995733
32255776
844541816
329129357
910358191
583409700
385272505
773765050
33954232
590372773
908891990
573978055
336112048
252904824
106504896
562693196
775960114
911609250
850293458
346280605
310503504
263106250
761707601
990533317
266192064
792313307
697995573
1706059
363563885
87308094
566349693
540603582
441820772
193251718
447229990
556227367
518319970
492335949
165210399
741979410
81151643
750085131
421877697
775091853
913596789
868069267
360090258
159183677
475505125
889331473
971530867
993460509
323626317
752894013
966204110
219109413
574776959
430360338
97442156
972451354
331456695
869534742
992032375
235964022
817516977
162397930
232001970
51938953
288295602
875701750
520739225
492002550
251801845
656451944
912162042
768330001
475698577
193022020
123851814
383485813
919713137
528261033
45943262
491694672
391348727
56034614
921226653
396608986
980232252
92060759
400369677
108302584
113767092
893970565
737994106
447028641
939999016
942783749
471155947
861195361
980449576
668388045
811750928
105301289
282811318
714982174
6066347
307329649
310933868
404394680
516139332
490031624
160473553
85035780
660725590
556769748
204288881
557127036
939319603
904541616
377745564
822928800
45528082
378736834
286496388
754983799
650610108
953112879
287387909
60468685
40794285
188473819
425757617
263806011
824734871
860960362
937936031
593111563
987217431
128233862
945544373
319344676
384017941
473867214
588428724
831642892
450199928
983348952
198631032
918054219
568960189
606096438
558080071
41687401
529629629
795334747
543129
874752258
954391136
218658837
839243814
102294519
899774981
445166623
845129557
667341372
159803867
919437149
642973535
435309077
439806252
305966393
911395674
939148608
929900243
349826883
272660159
270486694
623337897
805133740
324704191
113683529
48979827
174274264
341404805
214682720
766039921
974903064
644717435
228022748
230222595
839936261
91598297
119765812
47269432
620979050
446760873
954230427
535100158
729578883
177322742
119144551
991638477
976987025
950457652
861040342
347950273
404537370
250651637
994258353
838423522
68717020
350138494
270109252
74899925
332156361
123106401
227937362
275294063
535547237
891496850
904887785
370620180
760110524
23820773
71088557
657351376
383793231
62155815
558332852
180928969
714582273
454576904
825539703
633011468
705811031
550081852
513846297
219122446
983994733
738063695
730677134
875690126
909902837
835824792
454685349
938404791
453067730
183610561
309483562
345904895
653998037
44367161
102783184
916233934
488471917
396122083
583194853
668637127
643087139
754739784
159173188
117141933
863706555
661726827
956319998
83215423
467097127
372640705
571791517
916392213
721832951
202326879
439619924
132280231
56655329
442378326
326094091
490515793
652773295
658443871
228978266
831117193
359572331
697657229
755444732
663532427
983797625
866595602
106252185
310327259
597856531
647603735
71490197
397282878
339738054
141965392
767190377
429023866
83755915
995240232
892830712
299820279
410096292
280948340
55682270
215361612
730150861
707619799
159705505
217035991
980350946
64088700
776888964
595245650
31313011
667208893
730147957
999493688
983808338
657400433
356563337
743012677
16811633
358694454
630049260
857591169
502084982
309020814
121454072
450027353
123135176
144623188
827610761
845730699
846447943
372504044
184529728
80627276
101585234
981004449
970603
585971393
492677652
303150996
397391865
239849136
672500900
863992007
374731765
456169223
848094232
896772219
32883519
319004190
940873841
295578173
4691734
651332426
974673676
489677326
971731129
731817015
131498610
943484387
302035085
766554779
186542099
223268969
903910238
700885765
407013465
807048431
972962992
643153615
466031024
787433837
952149416
333037571
733988846
603680726
775525952
790565147
107200013
710691563
945021647
891462164
341253012
434972224
511119571
24837565
114107570
727544632
942916984
653932526
341290471
668396122
137754533
399734956
207750526
780754906
666234121
426954639
270767339
375121149
295429870
60696984
551889135
633172963
155497749
16227958
878731336
154253012
308239148
616978655
856359549
226324692
62167829
266286658
555175558
97967353
715734002
649643712
740008954
463269706
633751379
804444625
159697456
810840274
758759346
113106347
592241554
800095997
510755118
166534455
404347769
109923047
107878720
179265913
753955309
476339510
919457279
245253002
779681020
289520484
763375348
340752760
378508401
767643721
228325856
988274507
572951096
74068655
995872279
104972579
910090082
964662299
459420220
267013928
600145055
870882618
873839360
129312500
509703716
640853103
253765572
572212102
967020283
940152365
497025642
926305567
835838153
162646995
408048786
46721878
900494252
688682438
404298857
408828991
744459663
529903206
320064814
221099479
889020650
895152145
464634304
194485207
182714103
33191215
62370604
898512560
377386065
940820409
436351341
624383933
722153993
311012389
85277916
362155596
61963037
931585727
57914476
646467114
597154796
72822823
758531693
146875503
537536175
938267639
449070095
558061310
910499990
730984035
621194575
942056038
806947053
540146121
902219613
912374749
615083832
689476146
249294162
729199682
709238900
596882336
604281871
503444391
268848054
600593352
609944217
799749821
165293695
242923416
444154277
649638558
587049245
308981377
598307196
336707970
837078393
158233042
131915645
448869930
26090448
360539796
492734607
237855392
960032161
867869336
534848502
347300834
808190301
838221606
498683842
78015179
642446820
23177099
129229565
693007114
981256700
839414806
225358389
614976935
686743362
996405906
614452294
991036595
945464719
932031978
639398541
100008456
477836622
505008305
490372647
665789682
365145954
984187567
162431695
14901396
623845737
830556103
45627870
537932171
693936222
85693770
834515633
155344834
707504008
154017995
400196245
661144628
964339951
38815441
371255118
493120706
533332495
953002159
893755884
231920097
538915392
561205958
419861476
168367048
298859150
36721531
834713602
528613252
318425335
637325884
935316012
80199388
214554659
866569213
459916703
31374753
624287342
573699283
519207854
16045424
48337027
58294347
745219210
823302261
526805748
172014604
282109051
826945291
172389092
484073168
644162746
274373837
242542858
649762710
128477236
263744882
825104950
12628431
80408105
42790537
524458355
242757544
704165168
529723705
20043795
396665952
680368538
628816115
195204944
380202836
942364073
671649839
600396346
16230102
250634195
59295978
104513249
601946103
83785815
848620896
286997583
598626637
566163285
155814214
818168061
320353155
944270936
656961157
547714530
256615195
324997566
602366734
99114987
804205594
191748957
236668558
239548156
503662735
330475142
506798747
634744729
193250302
930856882
614214027
558440543
11027602
785207766
19564958
800639553
784159973
210612186
747806402
211735405
713006268
934771857
892059964
48243450
661436646
795640075
699975436
731234977
330344366
380905393
752932669
580705751
680903655
246074450
403979232
448155294
402100932
96091110
166233764
371937147
496835875
218914508
803190278
365010581
470889338
837899598
866817534
501871299
50211114
76456392
730178955
588771362
555831747
167390076
428476883
110831534
619597016
771406070
37641481
785450149
910447923
677622299
502367632
732591824
839404727
494159191
278003424
291035388
57015064
102613546
494117891
314807438
458376492
296068056
801708747
728142936
548997912
187410432
536338719
313247696
158679499
703951979
383621016
687893142
27841894
137258452
873318582
791090172
734798617
479488371
198209965
288559826
736330171
78815203
955326955
891357838
387170336
772866585
918748797
546854926
471074823
54713658
861296672
583844984
907122497
918239979
589596999
986254359
769399233
448442911
546582873
832073404
540805983
547588597
546544037
657191750
842973943
729601935
789678649
228144106
856988597
809042855
426337935
948549182
56955044
350609535
544333728
548122411
902082488
645296174
942908545
708364321
786445001
357508047
510675445
837836119
112475610
533967043
72580489
789885549
625318450
827835320
629906890
798086196
550039474
311240638
858767873
911659439
514575311
60746141
821915679
245166835
104833394
324800918
327146104
824911655
105942927
616251955
570685461
793656751
135128548
218659368
593845199
928251938
888624737
963988409
753219112
238237288
59867672
956364356
754830230
926306992
590246722
53709821
929846876
264004380
678212121
985190267
263326369
981898892
324736970
460288152
735489671
261275188
939529863
279186886
521946712
519661678
570357180
505525649
364739556
632949311
111018009
495160828
962154121
185891362
302984243
978161785
498020406
681670948
831952743
942356875
611659162
526288033
321132317
881857211
481877377
596677043
46888299
736760690
617309391
692579833
784025613
6358738
575182408
143444652
326485289
512585641
788130111
213550124
854360777
420663730
348337274
987646291
612115360
701593343
298412591
519325927
344239820
241456832
89143906
216689751
433893806
789341129
236891716
288411234
967710877
60134419
269369448
945689551
948682168
782194776
255681474
425641062
901544903
952580912
131107647
658368158
972610187
329210595
18809280
726445210
341488483
982474320
79559279
947625086
67569354
386958593
459393453
386904193
357865228
10746581
534350063
607174573
43193384
619838681
362487076
21173009
772851045
334175885
102772728
956622207
310037229
562805436
321611626
876225866
210929721
513731347
68050840
936119245
245391419
939600211
77420456
746850584
603333505
226765176
291179895
760394225
421673454
900730197
435566956
377671908
912530832
128608997
292266940
769591774
227255650
522462173
989120315
122276899
63612254
944495045
412845223
164397004
627829129
247293531
411603158
861931749
54620941
54331191
806708846
329823676
592137865
773920984
834728223
290460440
263983559
608154176
482252060
164317085
246470008
864059415
128938855
748914771
701103818
632185338
154567201
855703082
88490556
535667224
844069172
897553531
664656221
483442141
435558413
592999775
470037429
613567846
905952662
550088371
282031106
460263197
417176541
218933663
539388736
231099395
801175606
284178763
137474993
415560011
207839531
456957976
143238917
675505205
520904017
664450414
596113959
992505333
237156950
293761141
927607380
631306112
298582574
728165584
372667287
654803645
130710850
325634836
759068624
383206626
233098357
254257985
582716841
263365311
131010010
112694155
223761670
503520688
336434398
604068778
294212810
935864748
513359206
102888098
147023384
320959862
728443785
153541659
473988291
524827765
744075177
333233628
245392763
751830833
230209412
444459588
198831198
554018983
139334950
976964569
884937779
910170617
125494791
944064007
869903981
545924087
489914148
608907416
784086564
630412919
316228909
66791652
988254332
979093521
244954340
334305827
402603897
460649350
27239707
807279009
381291211
696838008
738697178
892776956
810872649
794982046
895096680
767893137
14787971
70166547
637252105
382677515
890522983
34236111
481354314
827027608
564019317
391133400
29308759
131031800
334640187
80698928
354323017
598412952
197936431
134479574
636061109
840015435
989579720
60136189
365206270
770181616
123778296
88670034
860366232
782009723
493157883
244795959
800617837
874573404
283140347
2618201
530485420
900454841
656582683
378459865
659218808
802203440
619730321
848215265
690291046
446451676
637559361
952532168
309018570
102137744
866673023
515385988
96519710
875085555
891967849
260747989
388367938
592982357
918919517
236780431
704241048
735039530
488511186
583229245
99530414
630601633
226809376
224826227
82839266
686409247
510292877
67088902
665989918
242768567
550896446
305138349
570712581
902837059
352441050
154211865
360418530
291882011
770060909
343717538
206963500
151972271
120997333
518389560
795486294
339443004
344250302
607633298
590147131
85531733
161524886
717950251
312718276
270065803
522031577
71336555
42702212
516038646
355431801
879291470
375031000
243954634
664054235
513687036
157687359
677844477
56674696
141001865
307605043
158207968
711672305
183587143
88211025
444986879
122466807
732521425
891733701
986960706
897972232
358661439
336088809
239783881
936760761
894147844
97305924
100374564
137036327
211124035
971369450
153889500
776862813
599445975
473019631
606528994
41543808
123867388
776053634
892875329
790111046
264044272
45505861
446650798
754334336
762415433
786816518
993256087
383820866
273330120
988033813
297290422
677931245
894956589
443758511
470535494
297291100
924654320
613181061
724451613
906459566
588463995
850945561
839902670
864148805
747722291
621431071
75838519
297292549
285118418
232598924
984466792
751313023
261988562
656963066
323599647
432028487
833550441
233732199
920820784
463642446
97191591
882896101
20260765
497514845
934524513
30157256
303057160
38853418
100698844
508001433
941795075
50441686
448010113
146694592
891633661
586087486
49106120
88286441
730043921
156942680
906176123
903369649
905418607
396883280
807811928
337734986
795787864
468188232
944669423
224468617
257919527
661053481
973695321
392676387
924604513
379163725
785670086
34954023
369501794
596187577
5461844
362504368
185012726
961000859
399703337
568717842
516715349
899566869
220402666
807950426
171718251
655486133
345673882
800607919
388721773
548266305
222767258
325808646
150478121
490376570
12952688
422346105
926594034
124283125
690822039
966774673
769929549
192787566
462865768
646923602
13508182
912054788
195139493
388776224
26288145
420159554
424685077
751639717
194092574
651279845
975228734
541452725
195643217
455814255
9425287
809286445
865900552
179287948
948412713
340398653
411753136
623699056
550555295
265298644
67257771
89514053
288470234
789260792
337096895
110252840
65629704
794794160
898526725
873070306
567535104
443248212
116846770
199827038
285655269
253276827
999032806
43718606
685970553
180564655
867217079
741880716
814383197
864540097
471746424
781232394
650038287
245528936
409541655
688757517
300710810
344052627
848804747
950034585
410982348
913892071
727502550
580333152
865661102
553403772
2613673
822109569
452591575
388156444
783385004
332951261
729389207
711078245
952424322
603550580
203944190
365133776
257944857
627158629
689672196
562208578
812331249
91250610
544368798
229999391
714521166
831093573
699310201
374890680
542963209
598864665
391767399
866865582
212021042
485403601
244243504
726976510
360873015
925197216
757725844
949986116
85055873
425243972
763523073
810275816
245446721
416231277
630277991
435764113
78185898
686464878
458244712
367440251
200362713
130944089
326814673
932522007
831032889
513268389
603867483
682004973
457539274
354664098
164963567
555557517
173817108
732387581
375243343
61547267
579629230
547859320
695477592
999968411
173265279
817083839
76522542
610373113
683069659
993002671
963680582
940568086
616484303
15791150
367945876
735638438
293006585
225387491
421675636
788096528
239521025
311730485
494927168
20932925
153942761
938872301
194512124
110247880
672234302
62415388
759944345
267743278
13253477
731221655
358238626
769797417
948786663
339133953
892815803
723955272
881032727
39879448
309050766
374946082
536752429
494198207
328392350
180761610
203121015
488499983
727442730
301592955
676470967
890171795
191156446
363943737
336176533
511978005
892610765
140560742
115404191
336746548
245184539
68743417
301769928
436053938
908794315
490821893
537349644
733390138
5016406
640803342
936265921
987767846
249316627
508513702
151077946
433604469
79499538
29545086
27401026
292311221
234453065
78930089
919687992
410779431
848208329
864781008
435877277
71747504
358811432
514310117
127775894
894861136
670334455
178768626
292037451
811116988
359673543
142852513
524993652
857006833
549426152
695335258
819772250
16045536
586025148
4614582
629675883
103842651
474032218
375060152
505086088
528773030
348294008
582918564
755175095
101853189
732454008
880864786
889406042
866077108
402228417
598504472
33633992
411515691
245486330
789477895
242080952
329854061
912678010
283692056
557769002
460797664
242659123
275104424
214376197
862321890
731675630
672379848
290973424
692946594
922143371
430919152
62922896
244204738
895534457
896412952
552283496
491830060
429066437
636906403
546716856
856596726
707962548
673173331
164840731
587877959
564696073
707288792
528096558
217195530
40727470
270213638
996333722
40811515
494375523
226191714
670998465
333726365
383801919
490760660
749323605
171321657
118260697
491339304
2125948
518496010
614217018
333411606
439325540
509345203
681650518
317326479
141021141
68750123
950747586
223592693
867238561
714517166
895422947
717278137
565162087
478580427
829506387
316858677
188670110
343632207
581675776
512351312
645098120
544228124
976051382
239876284
140816674
122338489
67288036
521028509
927253759
671475838
78690501
877310771
39616626
549121581
54799863
645454291
253716916
328093991
976381905
320997773
290918566
591762211
45249635
648999743
163260060
494204870
691426995
175544609
159074676
500855515
646393882
795358978
272740089
599030029
502867685
955939534
485952137
432929860
854288797
310318240
113991268
992151742
184875571
912368043
119570884
672403113
303973227
737752746
721837148
900168472
47893042
5705074
410040561
755842121
231490050
75286725
522947813
321384657
405348783
387103949
959522885
500590095
907676442
666456763
526670035
71370798
60104932
438793983
144763905
60875028
602975850
938092207
189555930
724697061
408726722
876666577
672654863
951182
399187229
849804068
509893717
986443349
528040574
519654563
241104520
86983451
552105129
163353616
199743237
353140652
280110094
517689436
243107716
163844073
406746690
741460451
84040761
807700535
785461502
144674482
424778743
321384059
171373602
734642223
659334306
366048963
819991340
969991420
677759875
384273725
399904745
14803688
184002939
647813563
117467779
729324649
550557316
230094799
548078536
488358903
951891125
881096203
438357199
884305623
807220381
870793481
491381871
326930739
6926122
365494822
530941386
292034176
574944816
519931521
621739458
961134448
666146337
415510288
881338765
936033182
299674191
226605669
778011335
822196594
75661367
409808466
68273451
371700122
752141486
326550684
74071394
620898893
502146128
998740560
382944752
435134460
851982239
671974492
671096659
170137613
816854532
930499007
481133030
661187708
243918988
793851455
341207687
512975312
730417096
254357223
259316780
846149686
654267194
829312868
241985804
173891977
201252491
858922663
26486066
311408001
797263251
181607816
547121643
693947590
237692611
808404544
414407699
287614699
993256866
865253153
26076727
50849679
803355094
384183589
865631445
119821255
462541160
982343018
635887573
178796921
301011666
938936309
804414398
56419912
751561519
903379249
282985516
462807942
89726845
455355024
359501906
45308908
276901068
281009978
457715344
376830309
190012050
773142507
186679039
369658867
177097490
864986435
409135791
63510946
343552641
9153059
895291585
482350538
649268603
498151950
807906121
146487269
805883813
438988705
971842631
709308666
940754540
220629375
326940129
625210130
155344253
342476141
685272948
881912945
495722946
732400560
210670744
374697832
197033188
795485557
734637731
588634818
749094153
785585859
271264782
671949086
32913480
902611114
981494785
284218766
521634089
671385173
457960155
371825151
746897038
402209524
606517678
882303923
510998939
730120249
639481754
375217373
969826433
652741558
80843207
448225182
240586042
55866394
172321859
792165632
366161247
864261699
203125752
235968907
323401846
567527026
328655114
295785898
346870481
109114409
668664943
954974107
450151322
55601029
641478030
758970214
642649125
177734995
793512179
629272308
939684349
926090989
916844956
958518417
764865147
9056260
740394843
579638844
363839297
985757464
530054571
322733188
157904260
383077665
115120285
187456819
965457845
250643511
747220186
574352775
969776749
777550894
128140339
214521628
861202803
951199561
542082881
479613533
989511314
555326195
912771559
200209134
184869695
963385169
151121975
92366120
420457084
924938227
109672546
728359708
988819141
324362309
828607758
407028780
659678345
360886742
900244704
728814832
79363276
197776601
109966896
887146603
451221149
697836634
603746589
533441473
136528500
129560152
614573595
603428913
94650127
899768264
917578097
119197695
383012350
642324912
199525705
325322578
827849555
821290111
457288867
318153310
322620091
878448532
598380861
887653394
721103339
976659834
871568486
950866276
598125245
947977748
785201845
689759799
829000819
363740124
590065671
808410374
874052039
278940378
876796910
89386560
298739358
516217936
524419202
13406671
255951016
87812802
278329585
868923155
68963975
913628550
64442361
897743297
47524891
554915283
32645869
881522289
453439662
196405352
905057221
427409280
945339019
144604374
378435156
104490046
390852288
184262618
880717572
362949318
271075408
12647419
473665751
271605011
490434210
174728719
729051067
295272006
473533579
629811100
502984084
447153406
608567239
17189672
278311649
935289
206935623
896594850
496288947
828316334
524580531
816597353
980684360
370073314
790508776
674468965
577732236
562225924
873970934
739095852
908729690
658872907
882428132
513008854
186891563
333294206
341790697
254263022
454295991
27151535
548558875
589282289
88396742
982551047
569688524
60839012
33389131
662093172
445799653
219357722
599693743
38824234
679128021
686619318
923002417
662304382
683627680
682908940
643270373
110645874
908579507
793136266
868891952
706347546
862133596
67525481
63545287
830784801
546840276
364286281
196962722
544533666
830738066
257418328
405143824
239762889
258677640
484021440
547152702
79728724
574199531
768510225
163812380
460183552
616997330
426494389
625812200
580747144
298461241
865364875
277083664
293726841
104021944
848875027
75263696
603493373
285356453
251331803
159338977
982626119
329343173
990670523
416607065
291408924
535632292
834925433
498171439
542350909
801391835
998267766
821239203
161441359
62523615
632657197
362522877
778891332
193587456
792212642
406503667
154232993
874656570
649789498
28832727
521389135
391034070
797599364
709083858
142730481
576148
99390056
579506442
832907105
950371578
509206281
408793587
505272923
716163739
786878943
696117930
800396184
336033484
989869577
232377754
629587240
98600908
753891852
174523942
894443147
575900194
512381772
747293111
318920309
813327749
436254858
377673417
62684652
11695766
670050595
891857802
154140651
754605748
443609558
46647242
660785496
464421899
227577373
855107087
25309957
219968150
143236006
603530044
576825115
595574904
859052949
259576361
33545051
33454215
225345101
249539113
836837180
236485863
138467861
139149013
946558914
661767275
199543631
545169180
732139547
961797859
597809312
246508008
683120191
801743712
212180845
379605938
165740110
818486224
48621972
664178187
16188573
98220192
534642163
813040644
115229510
782649785
232461476
873484777
244391797
211851833
644586639
373328991
734323567
301035220
379085803
322597118
155847266
626540816
732311807
430413022
547889699
641504432
778403490
429219922
102450985
694176180
561535729
732769540
976933392
865611823
800332066
851878848
568180623
492489661
203183255
666909623
409934548
595048447
565486854
89617448
196993865
654004329
405184701
171239554
782347797
3167207
287328675
980463765
306031081
272967029
280885773
555040120
619746730
354422079
239418847
315754353
493559666
923345787
92487851
38556449
615295337
536580918
242976738
962635030
561199727
454298864
971608100
974762768
516028724
584820519
718423593
990672327
637070491
625954796
939979513
679789302
443890679
652948817
738242266
815870213
68761803
247617004
571781483
489347924
890512439
760373510
528150885
600148703
77713702
240552230
415598004
90165090
305327103
243761726
408004534
462025676
179196651
550830215
456457153
465097802
393536062
626047653
369061353
522296727
705425621
566082654
782946231
234164553
770760778
809786005
250642671
741771762
820237663
898783912
702083799
704592127
129750101
843926730
725477296
979124351
714508882
247236833
980952394
430092853
880799273
494706899
22229000
637985060
30553697
428888277
81318534
165506357
203823953
623812982
43031439
953515616
954068811
680811186
87229985
839176902
375953211
937047234
683691119
507837042
909252378
712065665
191838026
59971315
214611045
42152778
127201656
472243355
888407604
828638276
701984295
696630580
723941062
769331310
282969682
121213059
594138651
261231735
772592884
504825963
307641600
388002667
974135087
633307767
306101058
632010614
485328010
760193308
2136929
560235025
614024466
677532849
544093873
809554868
902551749
414632050
683448125
252327637
639660162
126624502
716562526
292951052
153266778
908161626
656914185
855688993
550601191
908280919
34981893
499954235
920537283
392396138
63800763
948033398
183576686
714875310
299053076
948639985
851028706
143373889
699912215
55554148
216131147
98751385
703577059
361514320
544237163
782341702
870462443
487283679
751780590
998214914
520838043
459021450
636292024
144496393
27913640
108735333
806760831
260970770
98078678
427208730
58528073
345367886
697035485
988828613
12478867
570467287
57875506
915831566
115110583
506513542
308324109
220385302
758115331
738065430
21448024
46585736
753352653
853333087
175091280
237563988
519930103
91250372
689835653
52958094
795058191
798853906
314252638
449561065
932902532
262194650
679889955
542306451
63076116
947811389
159165311
277401426
724216062
306579150
20940153
624147739
499382956
159893859
572208288
886179784
903606634
917590901
513829147
994920917
485269498
630561470
451364908
48905001
595303680
687234897
921787201
341048444
909771465
48091559
647857714
504178331
784957853
281449243
400891331
513661117
846385602
469928346
740662035
614900050
31699428
235953417
944569793
2088480
530498483
388244223
31784028
671406823
275589567
864860924
372639392
927644639
19055272
856534033
492758889
289592403
390593472
696752611
754555126
756641583
404254802
299816456
561162694
732867376
862555074
725512930
768573556
67458203
692427754
728792344
267497010
891243280
399612511
391926080
553544870
127676531
297783316
911904132
463558334
935091363
447369926
652554599
60738
835385369
245173934
573810394
127292196
686916435
173825878
593189163
950516738
75272943
112609866
205555304
68845102
62572378
208850401
182119795
80939631
151974986
750999405
712637383
366082060
69269386
952471995
342191281
204233815
2107824
108114619
228565577
354974080
804524992
707900206
496140412
38143647
747163382
143196224
896569628
757828568
752838660
600158194
525001849
301294999
287060338
272596966
880385170
306823879
393592774
317060696
18034019
379791777
419670149
227680078
364894661
747157856
28258303
398419916
851355895
370961258
844915982
240378396
372115600
1725637
93038503
265689628
193074811
837153090
285969889
335000375
861755475
587690592
261000927
481174720
692444605
972083136
756086800
160651199
184365379
696396766
153043639
929130847
987689971
117312978
60436338
735942978
825776108
331747638
644912394
164701014
77452353
111520660
968797136
356311379
613742806
75154351
709389577
546243662
92008594
735296488
319701668
304316170
220100890
70930503
57624447
275906074
48084054
567066881
238753406
130283290
344383020
420160659
243058588
131845630
428707146
40949287
419964605
533265037
250582125
171086515
769908480
370545237
38007580
452870583
74354024
922609366
302115776
296204897
565524012
415409975
595325559
151828434
604377055
513354930
894414961
348218713
137166636
973249092
442387971
838931094
999500457
744561538
37773090
465394363
380880925
991748676
768496797
727465843
468342515
171856106
301645577
445031527
373241700
734889169
207509773
354493755
853182950
26951721
468675300
466218054
145068190
692789580
158942419
628956692
611501188
443437593
97039154
102894842
276961748
946891629
64149440
43257956
380118058
256706250
361244059
845984250
557238515
986713161
803320660
20185623
412296073
467618892
901676392
668339491
255909708
874863114
657620898
365903894
239863671
186740808
553818924
397927779
593196547
341097705
114199741
1428030
690878610
802662948
123782344
109676375
70583063
424541940
39753025
112392898
456388155
327305146
309447454
491562763
951968158
778488775
385715118
792490886
30086747
106186936
690898381
56850310
517267605
903211947
818193259
822773771
498972932
820043669
824706494
851503561
531073112
500605167
285353709
73304044
959473907
479864200
456945011
961827045
247508335
89509652
687689049
193809452
505428237
941582648
889862140
44760990
600598757
369321744
16097889
120270413
462345581
801232114
716567969
692162293
230065700
235048588
882109213
256973387
752247061
164806818
84875761
244857711
640997263
994020473
710110529
747335594
472481893
538037116
552800231
690844195
457934522
540543092
133472178
423715307
931853267
115356699
408720790
972645180
148797467
483135051
529160328
315471914
50243287
870422846
550724966
764671068
408426814
541445728
410054846
831310410
448299242
606023767
398058953
686084861
4293376
574762536
370853188
280553573
795144655
558267385
114450590
440627989
706263774
451012183
121704548
144739081
965333732
157344732
295322242
400598815
108764331
439565241
201181638
996702729
743492410
474254204
434149727
777480396
567761984
231411825
773505284
855034345
727049965
682846738
888603562
597042693
352990180
464261621
746902342
372609285
198447438
759769096
174240245
189200657
744315636
655577100
75152850
533597091
394926132
232990169
226611705
196395310
731828191
381359387
140166462
354346405
773628754
507695628
67952563
795524743
477384953
939517909
991743445
210312028
248550923
124694566
250136708
619909630
493071199
721851385
443838681
945163093
164752276
573579569
224693694
491477548
121728376
936212597
493357069
573151515
599254798
348747770
907773583
870974054
805696093
670985791
329564993
606132997
653152504
671409494
24619917
68737975
797551313
120264655
948361995
100681593
750464863
830085340
820024855
612465775
74650101
481154215
762553940
226061206
191309293
549659980
927703587
262918307
539653051
979855344
817607994
79364639
566478534
6114913
23183493
506834796
20504619
587836255
968436779
367136068
471209955
947805603
391878503
576544539
271244893
241598967
786703629
157517615
934820164
833797698
328368799
575157026
520218887
994080255
836854642
315410039
414694358
832265193
117347886
334795517
132797084
737032955
753605053
26891554
798971039
443105437
709594941
157719951
249647213
862215450
266473080
758929885
437783594
7112696
312430266
966933331
939543692
873782789
670595877
316775262
951919105
113651646
463690910
44596426
834108240
525669347
96783287
158886590
885176046
115264177
95143886
31409415
929337887
398723231
24813001
370360901
91691782
210240577
419530210
256127189
190852070
152907532
868777601
930396393
731595332
210214919
945229492
532426252
494407796
428407189
622068982
739608637
17231455
355240903
75707947
685902199
358481818
41276329
55803098
455810159
11463572
267658806
317784191
922109460
708696679
539359640
269955375
206666804
586668892
52991431
36230707
59348111
553751948
224305941
938116336
489466043
832888451
206865077
998477133
307782901
691305217
851410313
57233449
630155263
796122843
923811277
512023083
845230715
124574787
612233789
152788815
348275534
86175146
719662932
376049189
590856896
176240435
679920268
65472436
904407126
538126920
998159082
995151958
665686721
379742245
474757990
846146820
198654257
140803060
66083430
773730810
328675110
903056555
538171752
871272636
645059050
798398121
371997151
600858410
187234650
317378976
746989473
428304822
73051111
882990116
66288527
759940045
57948342
679658407
343678493
207708115
115681340
970477124
920167735
236620554
144932888
204582010
301833633
336096882
930939933
937309013
678592476
490348793
817296584
231815562
655260444
747424234
90038843
761901219
873708688
668498479
571038284
535546668
662484841
861666906
871838039
690526289
640522
725675204
885005660
78647292
284146885
42640712
868828783
251826415
803689894
27934070
563201532
496313048
664177940
502443187
891279665
3157209
794879607
135467938
420571681
562841707
973536649
26738022
254198226
798655834
863253769
108611433
573449729
352787900
850746128
844158352
614223362
884691433
589805950
610697010
533354620
976445678
973579181
515266210
849502742
758825446
853600824
599385709
978521116
73653045
594063813
582805555
699776989
621709653
864666281
669001593
391097792
497798669
255276722
669031663
905009498
297559446
300363969
441208869
297302127
89174187
664768340
570440991
555898722
364126433
754312096
812500193
177657819
171005027
551479393
491153845
798566498
582849826
736366404
960990545
789775044
244796037
332434197
795447314
174854856
222589688
357134885
397044615
119945511
753792323
31811580
819596640
941387900
572684224
685892924
884776431
188373864
777923224
57620702
837441060
779371527
181157934
848065505
736583292
283015092
111027929
18435806
726644278
788091011
734510993
472751254
594939535
78529658
916962229
889212038
503659387
123689723
473137205
605825362
377370083
870367052
111720762
223152072
874478020
950565696
824519808
309236897
277697847
478074309
712269618
412133318
452580711
57471818
246175335
892584616
806721285
594124915
241782740
921622931
882868525
690352147
294693778
931888912
99549237
448484227
165740793
622307130
945564906
473446567
140636894
113550988
672374484
596006433
18239363
265733253
118504347
713204437
409335272
947222199
791817405
986773787
333882203
904291441
161689463
8034603
966399265
834000107
750197485
810183928
504455127
941703036
737545624
842073172
672276447
754362265
96478694
418118052
999381589
307353929
475909311
730871661
945738905
303755036
585841720
537858242
74815760
554071195
345116538
513817867
18235056
89239235
499553851
630642747
632996807
150530400
736621946
181588764
210353002
417983821
890876866
683034163
350839569
47036362
187760025
191024236
165587553
8807830
236670297
299193545
657952896
344362611
644274221
139243750
987351897
428748737
927373686
897484442
140022361
992757612
116739551
815102287
506081208
449128312
716346000
18002923
166078759
966482695
362374730
869235529
711035544
548606836
691190364
815293999
650297378
134156384
587418209
250230062
976263914
603172735
51181830
644405829
806363234
219080939
962356904
84703996
976688972
286560009
66157297
417257134
684007018
137104380
616185167
809266612
938382119
119374746
293075144
365989581
985901393
130614796
105390783
710759860
509118975
724278776
321415365
165627791
245635055
956250720
785261322
336900601
256903991
104984824
193056152
578381619
687676381
827036968
500022586
795698643
654893706
278143401
171631362
945762290
824412060
299740694
838287368
539429739
566736327
890334671
853395367
2426313
189446742
439658788
509328006
424622017
746673204
900779678
508627585
174898255
26376344
201886767
776349283
98656205
891300037
73837550
663890419
587073578
13074557
676677371
759486039
602183324
312090654
564091956
201837698
510624901
231142611
823052103
955499530
532985125
544785058
812791455
483256605
439730486
786244768
934661527
891121011
907683885
838394362
23982502
791106815
578994910
838416505
900240761
760719553
192467740
101129986
294943714
873835934
869510869
818201873
477224067
931189828
108747936
132740294
946087885
218274994
348734360
798679822
234953395
735483793
687822107
327597274
247650202
395875966
111222053
609491120
636866139
436996245
857489202
548429178
131310580
103265294
752794411
769255296
709439034
774559661
14047037
770166518
991363819
806826520
752571775
302183747
679361970
195691029
156712174
517310258
787966534
233058357
755747309
962396075
384119710
159558201
462995259
710142550
181580493
617534362
111606882
126149558
512243374
619912594
421006072
672402508
512192772
792657809
134313992
924622773
517860900
522030090
867068112
293092207
428705496
483813605
761587859
411778427
346267269
274969645
590883565
937303913
855403014
742502516
673313179
44397921
471046236
406178118
594744864
646818294
720002877
877529919
225913363
446372783
174815104
218302237
439778511
427087514
618273984
4668693
438511837
584330024
204203215
927092309
135127727
606264940
566352370
172505699
701000850
278714497
76385393
725828031
919676001
14511036
553282937
128192772
244888757
338742993
313622815
353338237
980151270
613278298
686587952
145367615
879849687
151606278
453493610
252101324
611206484
505502782
739140702
659709053
461987112
598783339
937729465
20459309
792291758
966799570
647745597
846066199
579064814
99172614
970551929
196435623
27203027
543123201
751639308
210238720
673954881
726083368
310268518
174689489
204726980
565722889
909342475
674774679
451417886
229028319
484724625
739566331
93934242
425417460
279020723
528966164
183731501
13949191
239080792
273326634
163055994
670698463
752919639
808280292
161899941
620743482
628511357
315335294
851116743
799771156
638823458
18803230
941399891
837530181
674620067
389053356
868622880
301991829
165774199
373926320
808452688
528702332
5842969
441048360
712281433
703339687
785663144
430826058
435047146
128105612
460621263
826342788
721092504
177343970
568274690
78752334
297014066
86385242
564192150
583017998
446679783
378165057
680438420
488557125
270744531
856188887
264893008
472283349
245053269
332146795
465811398
376654798
636899618
223214444
593919919
314739274
755237765
243509876
236102973
315944167
271968416
50372258
120585078
331120347
923774390
374998068
875247932
751505530
219420077
459676201
194491326
167064571
221821837
680686211
435076423
205069861
940012021
884384742
101900116
163602246
324582356
87975575
986910234
133364639
711866761
175518552
566958626
21599937
982314490
685297878
727470869
878908623
333205094
633246842
922298208
547514729
699791976
845743073
26620958
820395428
181480288
580234670
526810575
77546751
231308053
797594744
304498663
764635336
137289724
928681798
75951787
340754241
220804754
937998107
746381416
941807750
7739430
924254020
303957089
956975290
658176566
813506473
162776544
712517540
633372583
968605921
7524508
383928374
557267307
220916949
577032388
153860187
580658731
257733332
181658498
526863160
356236892
755131807
420455964
126553116
65821913
167925671
990053122
207508722
596888854
725061803
80864753
971080673
469292297
695839765
914093040
363225285
91443508
319721571
535530955
47910623
845129666
229205594
127572881
446260912
430716996
482792367
414386498
923405445
704639249
332384980
753948068
153708306
765891636
861489865
440083437
569754951
933467650
365837012
931575059
661126378
762005023
971158218
472777836
888561887
714625069
848292736
371676168
517925680
848187556
639137855
319372534
17286041
407413281
327731547
475198981
740748100
927979513
516378552
742594256
111480708
913586208
643658594
135770025
178940179
685878099
470598573
255942841
510097943
425460842
67851605
164422109
857210266
322905546
233009557
79741711
445484939
638877213
682951734
975025717
280774048
995476637
973172151
394797255
99033377
345143309
490397124
235393977
667080248
486750206
564196500
612047666
377566874
465404947
81302896
640357184
147294204
217544693
31420830
934814058
986287929
5424285
698267960
704983940
390178843
661873159
828112583
631096758
114265121
323635889
637881868
255558062
89553586
257865960
99237879
572829093
43042646
993152544
332560041
256505897
380415688
905822907
511985556
868735723
120177263
371218436
944442581
697106088
769851260
832741264
852648554
175246414
778129680
163642681
82203777
210450748
618271681
430828605
312696969
497483045
951722380
548049023
320797473
484576732
186276681
808187292
99518548
820053755
208126719
72495133
265578568
726198490
533992275
46389591
433730495
558658707
39107005
309508597
578166531
536322036
574232409
622390998
670072454
292842914
707982981
562217678
213889858
409717706
53022965
282642436
209493925
823748230
375451214
352604181
685790615
160235717
473080438
702920197
435858648
674575571
966603672
106421261
735655633
618320021
991022740
905752169
328942034
262253310
485153559
740899607
824204916
742136106
567410989
696353868
562900308
180147934
209522810
572516540
996330901
682628521
615699953
110142437
155716121
790882126
518692742
562781807
509944162
985089001
1955650
82287290
422683198
56607153
350335663
319249397
255420916
695087573
284691744
134605239
677594638
94695597
191473547
319097816
713003286
236404166
484340751
591215669
529748489
976556962
903505231
997426527
798781168
725549445
656406458
635283128
873877314
996606356
601022596
925033734
376301355
164648375
136811659
213894966
615961995
711157080
551227357
202665070
482237880
924486270
403317747
281384499
752620610
2530057
535591457
437092907
784715760
884825502
661366610
131372390
523546508
131704225
73455428
708334103
692020419
394065739
417586617
313657653
902781428
435156111
627326394
72242645
6482867
449761686
766711854
110681811
95580310
13038700
787657614
791971673
612959184
969614093
480216319
412725256
910466785
590788243
938433386
721690446
62908764
264887817
233630454
872009548
392033138
82222934
341208912
803947750
91368294
699833316
980346284
173363117
488279820
326920943
906570446
79592485
745428516
909874931
448365753
511142873
65608878
223521828
858257187
531641312
453553154
935549079
516915437
300952002
512271021
672161753
995336963
738648260
321915451
696403977
585823051
276795839
996756521
998006271
316719148
708474198
822276357
708987508
714299040
332041642
317819039
672342110
256509389
276879510
248219476
605055010
861711951
320854309
251555302
980191170
813029056
29651205
491854817
429604210
193452445
328566809
366390391
582339422
958518095
32014678
680357784
386051554
677215706
409659730
721347952
629998398
276325958
710560098
630505356
778150718
931887736
493494379
40167739
280149462
991391676
598604899
554844721
739204701
468475474
593987352
342098668
449665832
463731701
876107287
83935201
606023840
936389934
474413364
583606972
136103381
827133590
321732429
179407356
117505992
464125417
405660984
119523215
87879360
598490913
608502637
479601996
272196179
484382326
110007107
157243829
251026645
203961990
727281292
348237482
720015322
889586617
302179128
873233903
684075676
809932516
43552657
295694517
704120876
888325401
986274029
954907854
36087385
996482571
648215136
589681779
995857416
159317514
315823500
303261330
40187231
602679596
210141363
158685376
614307177
318955105
200427388
178214437
897063919
675408888
989485382
817334187
801782424
924068680
163764385
94888164
869394085
58343860
497598515
623007614
263928087
208744302
173953950
662755903
233685028
880646242
942375840
229517220
915786237
610648527
32443174
950947511
268743510
546153741
225126488
390907383
535939714
775501548
439728435
169448418
727380200
716885198
300162684
602303115
563627042
143391557
673568244
301004836
851118177
969200237
649599370
611006174
457042210
768848767
588992733
251028628
276125510
693651468
20857115
179102898
283217187
111778691
907830632
33779815
343674362
464647452
370285241
526083486
893894318
859102666
524157015
895616631
223753559
621973326
502763958
173387414
640291785
896526961
799080466
996716841
1885744
321956870
234398072
257628581
145604044
834463012
465635540
943431748
955445667
776147137
161007611
670697797
426593113
167181507
727033046
447290656
788938537
552404993
933948076
451187243
381814846
934529139
343274857
494560422
372732789
910641745
934283343
592607173
781038961
662447687
16864208
467321236
892612389
540853727
565547242
847488687
556002900
483764287
738468391
671202317
574335591
685264621
310158266
578167043
11000303
803937884
944258287
785905698
44215664
239514072
186895050
993587816
468187023
758036952
840290139
515261793
53330420
48777347
537398994
931272606
326859140
509007123
111224747
547532382
956366122
724211251
843006292
513478995
891671723
748898733
951034032
248874463
292548399
425493004
453608568
877314095
169450007
820296293
856551522
304293830
7338831
785041726
833722931
553301474
49862833
764847442
898630967
739587159
801084564
209354694
427387983
722646771
863240517
909865426
708392944
850399072
899063469
307441129
508059215
969149300
840652914
750738631
933192190
95332204
11068887
11215129
700413442
627033009
539211979
977300396
703936839
753432958
522757057
923290592
566936081
848032338
28876770
395274491
82277518
929264986
34056432
4077188
155772715
960632793
274234035
812727958
762176205
57147512
249129816
971324292
623919862
38703362
204744972
990825970
708845246
324268311
49848028
751206085
329372486
548048543
612961898
229629338
235885735
686649215
672899092
667617348
535786980
102510919
624939710
332958305
202238894
761070099
580113329
105199591
95274409
443598520
96386310
295495676
329791346
984396110
553351483
691653252
55086314
955065845
911958814
587218679
906903315
222692881
204976079
64793997
592527304
183960979
116862345
642143050
455448614
569239711
85388979
822366508
557063230
13959625
147236425
101536662
495596830
959577630
692953521
338555705
492235793
706562335
140234154
726396736
486852368
446796502
957120731
626543871
630282491
273433645
330298641
498175100
489942478
512413481
218353847
941561505
475961957
496634490
443923414
196138917
242271556
777022267
799533156
835049154
757320370
612985481
995110881
924181236
935569793
507094170
508555125
72589652
429883584
190780221
533842519
230056114
303072532
954687369
94027941
955139039
589511934
783783805
341406820
818244672
53337516
890400391
856375666
27161222
717130180
332352508
255350415
908595944
856725847
386500831
146932003
702475234
466876286
642353885
418394540
870834496
184926046
814532293
866296503
320273203
738174466
314897402
972483658
374979075
385524369
30507856
218700158
834659306
51043971
444234511
773715978
118002684
214005015
751565701
920681963
232509177
789030973
965487847
399576493
645015077
106744290
441692956
824629102
911329777
943768497
345856293
536131411
622838568
937127178
515337270
800918228
383149745
258605842
353010019
446528873
957118219
365351233
274768822
716993710
453938628
196342706
703987881
816803923
967891498
612158111
268769121
586085848
436414819
430084650
895863588
190497712
904413365
582760549
900711246
973254566
397699030
744125595
119497833
872255044
911909870
922506686
874520080
578455773
165639352
667040540
964308340
410038277
902640984
486315523
971182935
950707808
274838154
755008718
845981496
10242941
832966384
519555722
143900612
579680027
174316694
493133313
540752158
478966229
894884811
219387103
640085026
19319395
158314190
804370128
173811206
731854329
854958023
526293569
223606382
713396080
171786538
511790658
60510086
877365769
275390031
156331231
145182382
664956393
293028574
694691563
893011962
548736992
399664753
702964241
814281768
48230690
921046728
623639888
383451977
488238902
171421096
257198147
644621640
378645366
965541873
15242976
379481583
100101516
323878683
106433426
813845388
649827407
822598470
920204587
289660767
985681994
620802797
500609142
662563934
175971505
908836763
951315906
100350535
494094774
209725076
64639662
699883745
63620089
793827611
41105032
150851963
602072166
359049842
895712885
649995718
476608604
530947746
383296050
894849733
138880343
500703987
62246675
831034231
993453358
443490419
330696122
11960141
40306801
57875756
803148289
890908221
1017052
969969556
93578070
792377205
745923919
351050604
772234580
572466498
504402500
280560461
423904766
259028367
759797958
245445281
246763335
464726770
769898460
880615635
939200517
204002738
340770544
484085808
310877017
372540100
83986273
457118895
156354995
421703678
967135765
978720473
64000208
911021259
998002640
853908205
986411053
384675973
66418092
289268428
718634878
351503337
590643312
56232350
772897705
142403873
823323632
610104994
926989276
362065656
456377862
991253366
330131793
125191580
673911201
466518452
856270623
212277681
649041360
721062193
87025584
482030828
613794571
748440476
848451850
898863668
142636590
321558072
593408154
650412343
849015874
464171729
46171292
353844913
836843796
998904318
139090365
290390249
48264185
363777755
819371548
370563395
44051542
694918467
575710254
31846523
979370449
262303562
595849622
888525453
9883434
665851202
840507322
711217464
289633934
480675013
542579371
52262110
855128084
493615050
669004562
232300803
258538397
170268634
757329624
313876580
917146078
311234902
400997588
709941066
957376410
401361235
831268816
601200070
805534227
703843941
496393692
823582946
35460839
389891317
2993720
80877248
526962945
15000396
410480398
201790190
736790840
466734369
415097852
361530680
308354489
911465440
165804437
444878450
376761698
397322302
140359659
90306253
248545549
771772638
541955308
648706269
401810119
760973342
944214091
225329989
572873772
755908774
735899018
105962889
24065335
593474679
794464072
851083022
947035099
898444185
111244045
531683369
207206410
300138860
151828005
31170270
306281346
742922936
466524724
377683932
973741293
223971740
965497268
233844512
384399654
206310690
18675140
432311970
555592543
499845397
22395753
876484488
816318940
139942430
760302240
904148967
581994438
902273259
862797423
657736118
553019354
9702157
291174259
700659051
152506948
76257828
922562692
961545228
81694816
462153693
869504508
179741250
589385531
404251444
547397584
280907555
45091071
30037285
20050997
218187161
177760591
63516292
428985657
538452880
843845046
788649640
232740062
299831580
878001938
658546408
744384712
962225895
815093130
56369979
909142498
780820719
245187298
460164387
153824634
172350488
457948152
257870656
854983977
953339663
875315339
490020773
548589854
168377143
84362717
346806553
895981980
130053513
753273125
985763672
405504266
271947788
366388985
943504510
218679489
428293254
270649476
837671978
388473384
257729008
662064529
995496561
342827290
975094965
72992628
518161494
375070056
936918531
661198408
579759908
675870835
850631023
134991470
38262938
983177116
985418202
800313169
984064208
379461528
57142711
402319541
196221058
916260231
545467674
894002217
560645249
310811032
488673249
438162067
60837379
608507875
611425664
625367256
114498978
273294979
369760027
720176881
592462249
433324700
319298936
42547473
524979550
92232917
354148504
477353132
381862020
912245776
780094541
545840275
839276192
790421639
89879898
756037922
738088727
622483225
103293945
486575540
147980576
899441376
430365337
896383621
277665534
812518289
168384579
760072572
790160615
559853173
390307606
884579104
27513359
773989117
471752159
462626141
434655993
882481613
236646376
499362152
409632879
610445746
286098258
407745243
191226654
85318960
15178294
415138971
278049640
965889421
388971982
267055848
604806050
754961533
285823593
3852757
841873936
73063538
688447328
906078563
144769887
694766820
289057961
425964124
276683160
201841712
872346095
133511600
929675039
822723118
658494182
44651493
541925657
120764825
810167518
59119903
672304439
66322855
946223372
127887568
345982460
40628129
790745987
776360636
385580930
757034797
150901937
793522602
824891236
100483769
475610343
401888857
30116736
911540902
977088163
596228177
980444303
47081492
296475314
849607294
735275690
88262459
970199599
339164154
283778525
688379836
247866707
632064926
937636426
760195373
384406840
835470152
287837827
328627886
751264019
30250200
967381036
997176132
874623799
554418857
17517493
352420720
943484392
978635129
950334658
99953275
921679728
368452543
835177099
981122018
269951814
380820787
514109879
391602579
672458596
727204169
152541256
687359899
760807995
651202356
588339354
933405123
788615726
781176244
17368596
369012211
894407383
103381376
265043546
653050348
453164503
808879209
443517992
24288059
710978833
6637040
657415016
52265298
102213481
939913855
869039474
658909141
519632137
408072739
620196833
445309239
896640775
821700378
29198535
123209170
500346612
861715507
315070449
13571052
218003619
250009706
582443874
493171051
707952016
962228477
985869134
432497102
485960964
824932498
674183647
888926595
976649241
486685172
477817615
351880564
636355523
250230669
116367719
663574499
353929578
610857737
528567143
248772586
174185241
889847668
622347201
349510103
868904268
168350801
818595247
952782515
704318992
805374020
343060333
509749913
89200245
279828431
842701129
395102083
38789381
767969788
503000453
353228920
655482870
388597254
290626661
67154785
965301740
365865796
839139766
829558467
547910427
593762023
718796801
258941479
559219010
96496706
806422038
91596739
89124448
169382596
65579690
572317197
10574771
619782162
765622906
898476647
327564862
695960219
31352441
755395275
675008977
916991987
11534298
709827459
277174941
158987388
487261493
315479201
541269396
947337878
325890911
188551014
678228585
154500600
761098775
136792412
193944537
945384024
114339249
62829141
397573768
650992704
49586945
652928944
795186543
905323896
310976750
90888786
884973159
519160583
587726775
271963477
790589093
257200408
395911687
414122167
386278879
752031818
983389808
467900306
924558648
750366568
995938165
562288345
593585440
75619807
502332292
263511945
189473076
995800316
860552307
835976307
883036985
512065320
285099650
254615079
141330282
84511824
123777218
670383508
54101328
632365642
821695514
133594341
686716271
83629516
727069456
674866131
517505315
608303257
391292517
194651335
158574180
301710873
927975089
14889105
866017622
400656859
723936535
31499438
363415563
354364357
466432802
656120769
122942984
235796165
346768240
408255166
986485327
934904994
740278822
150221859
975740126
490148857
220068801
186535457
994962994
638232744
521360389
860307232
947283743
449334501
401816580
613469939
569920286
489395237
557820960
28847264
724614731
77437810
23898563
517808337
960736714
181349071
331195383
894851901
106516217
491630080
669922912
897910152
781046951
277428558
193599656
211628849
457980577
731326395
808249156
119580234
354797068
363239877
494265571
645377913
176142168
53637603
909663628
966183082
560277778
919885123
675125922
921480532
577583801
819475526
87506
119538863
391789546
269020163
468422329
946719345
731042107
723052524
875346473
850613808
892084907
15099406
311666252
183724848
317280716
674328285
960331298
678450734
970885394
212684608
77688797
239451478
856694543
900124205
459592000
429894909
635282697
398141527
553757930
792501286
95915894
604940917
388027102
888654521
121618253
445700809
967375497
409767806
518121073
560284532
856010067
26275735
598314647
95318159
486722176
745811174
26144638
220243623
493433389
816547548
53406003
697802586
498481054
307183455
623771639
483553562
373658179
74606270
594831957
149698507
952944462
355659654
985351038
789826687
429978909
656172137
651710960
852318271
908770597
752502165
815765834
909899242
225035779
29883598
707113027
284649800
492332723
154324252
830994751
358395532
595890720
702500247
607379323
278608782
126512986
754774628
389263255
151415507
712687272
471976018
454597122
381273806
263583332
984706200
26501714
534627149
979187651
649375155
460406931
59702576
398785210
912896080
100282399
488390780
392705358
766222284
939702610
864091359
290570651
723462652
553502492
973671476
147891122
813159269
630474558
889226521
608652421
524480298
810959561
907655864
334938903
404858700
810511011
390359639
240309468
924604084
430337011
515851918
388191953
823738189
488584502
524981165
793441283
752601253
970578562
864408830
848186790
276532190
909949621
603617806
528155523
647641484
299811688
419147846
849730346
268180634
979979442
960265772
72040350
152522785
893628036
789511168
750931269
186840104
893157144
390307290
390950175
125770397
778272707
657575582
428711062
651824245
939435871
974264739
712721065
957805277
340137896
703577820
776815885
865797831
450689213
929624336
956708737
998153510
385632060
561219354
971173529
226679262
119597135
745118567
259729922
24400509
446932160
82381210
195851147
25576287
748616941
509785457
309026875
681300649
855078518
630710236
870416889
521677314
67874818
825910448
833538401
38773010
679626881
306970880
384623156
327286986
653592959
885755263
900367881
827144539
780022462
546377582
318370182
410856483
49253942
941945948
243343168
665903859
157401354
854876709
579745784
666490077
571400093
874319728
797454474
862503885
498408290
453152947
281548402
377844956
832607996
376614443
314179232
841383811
201797901
801655807
314664337
442127809
597331715
184731016
191596955
399935879
680850102
618243564
881123652
296497393
932156227
416169905
689418565
865906949
457662506
702276195
278921305
33693596
685805530
767886931
198394208
195984220
677353850
574897373
772287823
860735119
832358197
300836902
168067632
778327292
879727860
482416472
43402980
20139188
847687085
63384698
862838920
63467615
32287834
3420802
661845611
44104747
907203479
947903731
272524666
684473383
780284947
152662087
932251512
630331227
332077049
16643438
399735829
85001037
192542464
436779489
576529418
680407960
276681813
374287036
655537195
868664333
943453826
284652476
406091989
784576101
337141695
585148974
201851485
168795177
458181340
341055176
525126967
828861381
521071818
330076668
970619301
470340296
123758756
445381023
627144041
718837341
983985721
379403303
469929396
933702104
5165824
589893091
150811830
968322882
662116749
350243292
136253707
263980503
765301219
667330701
303317179
851433663
266500072
172417668
131317973
805543338
678741219
642428506
576139164
242043316
534007226
872370429
517976371
69912073
392228837
559466922
624227904
45032195
366971704
112518264
794207044
985612245
62562194
641888706
61065697
999666542
465892470
558025166
583992543
438190857
624686058
435416889
751153964
2541137
49670966
946808778
61777284
143759326
891348352
421971293
723443053
922164962
364816851
95841080
260530177
471172589
987828088
309335922
482495366
17208282
898552570
165219295
382330104
23645064
591886652
205680733
874829898
475746682
899724283
626897683
471651950
300542213
971935111
313683994
366335377
784582223
684840901
808510751
404107660
668781264
604215210
369461903
542872244
67890542
118701520
825042664
297002001
810216167
514635690
731661749
412813125
441894875
958839338
330701509
737102433
84299323
313704995
892999868
915081330
247406155
611691473
513249466
539008751
967953309
475110403
267129399
329036040
982877631
318492623
579449319
2604879
492366385
186698209
940778008
746224840
986859523
912758400
304976021
659962783
793574639
700514975
26460972
789322066
898584417
236033672
500547524
19745084
616092131
689211243
534121338
722996402
533009047
426784947
178920593
911985217
789409053
307705396
378284135
602931088
890787627
20892069
263078167
361038966
253299194
303607155
406009632
981801516
202201449
98018522
64671585
432729472
155403645
739659540
922673673
454865602
551122471
591127067
451633280
453267240
479889576
434907815
562490865
866415199
766268279
668472280
372888659
707538882
631740875
473313038
926545076
899815055
342385407
487108136
299765462
596365149
94747524
576051420
930047897
12049898
582209267
48486323
624683902
7698427
960958068
548795850
562655667
762769818
274916450
433848534
999128319
752474461
912130929
841210272
782024374
451643572
565948141
774788122
449216950
888281732
163651489
145743739
517969147
52039739
34473888
53831108
118518261
932904862
353439285
520638559
325568948
679672524
811604166
119640764
400032140
518679290
895955579
839550283
650499603
16841325
148059315
418082789
475556841
671186023
932755946
128856878
17998064
713010254
797487987
629605806
783036950
211854518
769524945
392794748
19381929
597802470
222798335
987176209
907599111
301678878
171885286
600102859
527554831
919857470
824733586
373004444
946214433
361013893
268156635
712868355
165425898
114010574
204286512
152781253
30314238
630413531
190704353
622573131
78513456
938716854
860979919
137235627
33964975
534622034
551693146
553166542
349799256
367914278
129717350
943649065
131591617
116159968
740973935
106012700
299716277
711313649
497983177
580806175
434727067
981971581
374793369
37189727
447671128
596695444
478841545
615091244
174284809
467430663
240414182
149671691
974815011
107301246
435709146
56290324
206214019
824331716
250638579
92966154
364218951
949301954
830231197
462597021
757695220
428425580
105163084
387101196
862649914
118242855
405596881
293420136
411014565
507223056
20330241
561397096
440625564
584535448
604731997
406461267
19133428
571169627
569839922
49375109
158620430
625475018
840345789
619173773
441760641
309714866
463613837
522724765
725268966
736014932
835868167
312562800
64784423
297565701
177701465
389543025
629400872
175287527
608338750
629940007
867217829
660634393
361683503
584690424
17157148
363175941
560178000
165367124
314276948
474147196
692352492
101035285
175015593
604222193
663271921
157574021
834139993
209145225
57960796
245005956
687371109
860741594
482473601
750888759
103538798
255878308
369209110
626971949
555240511
904593607
398488765
368374763
712022858
676945205
826468408
962381127
380947344
49684211
192657502
282292477
46854499
121698430
899952678
145878548
842766600
134985405
459865720
964687370
50359818
477326781
494975482
676330035
464025230
929150315
138522376
72266015
386047086
767434507
764987419
629634614
215734418
114369900
302197585
7134245
856950441
940199071
378769537
175198596
164343123
491376674
925512745
976499092
703500780
615118503
612594358
562608224
355632563
283939316
48749788
680752209
727964236
480287923
637583484
290525524
688242992
516375303
47072256
601151618
987808767
229819650
116361661
450341457
242091620
644769144
625224648
511935892
4577415
508326604
738671606
294032737
730758204
224403397
480274771
551067521
167577608
15504405
771167454
179069997
183826306
453130551
410710597
31552218
996239332
845046517
434236712
84508398
922980472
558659630
957968357
465308964
388534530
518868421
498386032
732326390
529181636
866248126
418920994
359680416
169876918
448183634
507646442
921927898
822923581
212836627
135053691
601157094
581894604
261292254
190714793
273265742
22680904
757458752
170983668
552048031
916162516
365854751
870952373
323976250
703104473
322313700
691398642
711682914
920256648
960641398
966010491
401421396
548718572
727043355
413713849
400910675
53752486
108055269
721749232
537044310
967765638
901793615
495055053
96964565
169181700
674885205
455525284
578098783
203934413
54983559
689144835
451815611
657609992
441387218
396576224
766403130
77315111
201285668
148071234
8519935
641379840
628264910
459446862
558684273
402449598
760542086
664585180
627204436
353367281
65121097
674434141
660225508
355275243
243649231
967374987
86027536
377654298
65592579
654845339
686713594
49703690
474030057
751146705
654721415
703722995
202703980
39313215
186305759
766083798
806229980
194904197
427549985
374432872
739530405
919934612
919802513
646276498
413007276
918001647
745541446
237097626
892440738
23752721
409913682
242029824
291477501
789324819
1374117
827248230
616618809
248349088
383490561
208187115
213028623
433298353
132873857
714319921
537028222
160028728
150430399
222030513
827548234
778790478
121457834
891320707
622049786
345418467
283780805
88942293
252610642
943376744
84481283
858293485
261238770
750461015
355508440
24471060
651023614
433093316
739508213
720657916
555797981
694009411
261290082
151081730
198685386
250190272
238633037
853139250
146385750
68578674
474601447
763611494
320327741
285545840
446092827
865200718
578068921
143266137
415999951
579068558
925810836
534675322
934586967
749553411
559877579
389077485
437803744
51494073
648675946
760973389
980906074
525110357
482684287
532759498
889965188
233932169
843039294
37743601
30782434
950041588
87100417
469488282
607166534
384723120
940881899
6958469
104959618
150347572
966537980
598069102
422226844
756855995
666298662
495644945
694310131
889287732
757697994
681312134
126853171
871993754
899886554
392065219
335483160
622044964
985230316
807859755
505642280
631356556
659993804
528388229
384721664
656228998
923716762
963991094
56357609
314945172
293006214
365945563
868323069
242145824
668069657
333081140
963377446
561416693
556498176
529776284
250258266
216086577
717903611
484368955
514175032
416308996
780985183
895033615
123476941
804449954
846385136
362752445
703198427
792502153
856662930
262985360
324304712
399944282
218732136
245203019
788582252
130654041
844687517
250373047
134945376
555447903
452192861
539678441
322308334
508760188
663901365
487897128
781683074
36846236
527043515
285207620
266191720
395268428
834325928
727915038
514042707
226376337
954693327
271870732
402506019
453342931
319024464
437931499
940983411
920176947
854844241
73170741
37731237
589332385
730919835
683044434
210137511
199613366
707792536
909143732
125385339
566317757
926336754
65438037
894727055
506828691
685457006
518621030
460480763
185145881
333360337
720696948
786060937
842663540
630588145
904665657
213490682
219749934
189339574
91050975
338947535
649438939
142188007
621451909
510532720
643907212
104661568
571645908
377965105
385640964
541372689
470531667
861354034
938724128
171303773
258796921
124600195
130982452
914937060
798817327
532465209
398608845
472473553
20840898
551624983
462018633
96662615
131126634
671830686
432987305
246963903
10695144
407452851
59696206
153940535
747328120
814787907
426888864
273969930
252065295
454546998
458931882
250352593
934328960
730552271
920368715
226971787
190712870
848223210
942303414
833647136
770689043
675975844
100937227
580424555
170059565
235808793
35898926
473520185
577733514
562255564
887939805
193161625
496075624
587243631
101540796
28379464
181102085
98124816
372732104
204365921
957574870
444009419
430458338
109289260
330443793
570472198
609593839
892687088
939181109
739233154
296544275
662561966
851767078
196035183
879212591
788602109
284567344
232365428
260020773
406868302
565583222
181511876
865045511
280281798
980862358
412611387
987588734
72356478
339316559
142026386
627659543
240439898
485035394
723984212
592163553
240525821
666683114
172947074
578443169
429827125
878506405
409550886
355090682
791946266
411457615
297349056
478705625
928756300
628483751
117152486
583403692
28404709
317447573
245528690
870242987
10857372
990813473
876624095
10568624
448450522
36558288
11805236
132885970
924107844
316831105
838245851
9935361
456245115
608295926
949549902
898889069
34643686
408913603
306709720
839878439
648133140
63283322
384925071
421495406
381309203
845185165
516441523
191538725
99450198
520228623
793805329
743965283
225081052
512760850
223308859
216904445
547606446
764413911
541181738
191239980
265755034
43476845
486123097
600245882
526102267
125416849
495319553
893276429
400313123
395380116
251643577
180670349
228361462
511461420
164206156
341638906
168220774
570535114
822872731
151466390
548207618
707854897
395996155
292902346
635090692
670235530
873644672
461815837
502938237
95555322
643464416
458287875
346512215
894641363
395799932
193963719
973615545
678200422
433838426
810137812
761999641
955450161
100145481
631903237
447950833
924399536
618183714
610176344
475611794
884704778
925304154
143388127
226976364
902015393
639785360
323892659
825334360
946436462
408486546
990069576
52462447
343940358
521713978
372037395
472511350
19473571
237724076
68411141
983890453
940669635
303173653
735457567
789678453
546566350
955368899
694156457
182164001
600184441
144530481
560799951
80622157
77117754
803606970
451272983
498963680
548263106
884756133
766166992
427005800
370492237
736503229
999354729
995852449
948148894
702503845
490283911
384380864
807968590
555898521
490321075
780044239
919086561
489013422
992044027
631261937
956490667
628593478
546261436
164215685
848728759
418175585
853994868
547341464
168656631
459673811
49863828
48559851
551621256
689259638
692223511
794787660
905524710
81371150
304650462
815791076
968294618
117956981
19080746
711790284
197925739
135981424
722605219
19723670
20408132
121621476
294701661
576982390
388210805
985095164
385026890
147772918
621341032
728504596
184577416
617872406
843290179
615574640
732196433
127451797
776478273
333986221
38761536
576631051
632980961
972862500
465723452
951779660
535772639
93823402
873304421
327883320
234411395
856523312
998393992
835522244
893918801
485799803
331321494
613405129
617717935
668371374
761976338
864302989
418146868
175247268
881966569
131054641
562739678
175331180
326030318
80696467
290443895
908235050
47429124
516018578
518961516
838983788
476409551
737851635
951901110
553752425
211229522
354991787
901983210
317588274
348095207
665046333
293267316
266734137
243456342
990216931
918914997
468976302
552361147
318464680
885565162
785099254
405157227
87351264
90778072
816932885
187559664
260702000
40976306
67181817
369692443
293300471
218448903
62855517
398354120
